Techniques=Curves@Curves.fx,Levels@Levels.fx,DPX@DPX.fx,Tonemap@Tonemap.fx,LumaSharpen@LumaSharpen.fx

[Curves.fx]
Contrast=0.200000
Formula=2
Mode=2

[DPX.fx]
Colorfulness=2.500000
Contrast=0.100000
RGB_C=0.360000,0.360000,0.360000
RGB_Curve=8.000000,8.000000,8.000000
Saturation=2.000000
Strength=0.200000

[Levels.fx]
BlackPoint=7
HighlightClipping=0
WhitePoint=250

[LumaSharpen.fx]
offset_bias=1.000000
pattern=1
sharp_clamp=0.050000
sharp_strength=2.000000
show_sharpen=0

[Tonemap.fx]
Bleach=0.000000
Defog=0.000000
Exposure=0.000000
FogColor=0.000000,0.000000,1.000000
Gamma=0.900000
Saturation=-0.150000
